Paragraphs:	468
Sentences:	757
Words:	6888
SentencesXpar:	[1, 4, 3, 3, 1, 4, 6, 1, 1, 1, 2, 2, 2, 1, 2, 3, 6, 4, 3, 3, 2, 1, 1, 2, 1, 1, 1, 1, 6, 1, 1, 2, 2, 1, 2, 2, 1, 2, 2, 3, 1, 1, 1, 1, 2, 1, 1, 3, 2, 2, 1, 2, 3, 1, 2, 1, 2, 1, 1, 1, 1, 1, 1, 1, 2, 2, 1, 1, 2, 1, 1, 2, 1, 2, 1, 3, 1, 1, 1, 1, 1, 1, 1, 1, 1, 1, 1, 1, 1, 1, 1, 2, 3, 1, 2, 2, 1, 2, 4, 2, 1, 2, 1, 3, 1, 1, 1, 1, 1, 1, 2, 1, 2, 2, 1, 1, 1, 3, 1, 2, 2, 1, 1, 1, 1, 2, 1, 2, 1, 1, 1, 1, 2, 1, 2, 2, 2, 2, 3, 2, 3, 3, 2, 1, 1, 1, 1, 1, 7, 4, 1, 2, 1, 1, 1, 2, 1, 3, 2, 1, 1, 1, 3, 6, 2, 1, 1, 1, 3, 2, 1, 1, 1, 1, 1, 3, 1, 1, 2, 2, 1, 1, 1, 1, 1, 1, 1, 1, 1, 1, 1, 1, 2, 2, 1, 2, 3, 2, 2, 2, 1, 3, 1, 3, 2, 1, 2, 1, 1, 3, 1, 2, 2, 1, 1, 1, 2, 1, 1, 2, 2, 2, 2, 1, 2, 4, 1, 1, 1, 1, 3, 1, 2, 1, 3, 1, 6, 3, 1, 1, 1, 1, 2, 2, 2, 2, 1, 1, 3, 1, 4, 1, 3, 2, 1, 1, 2, 3, 1, 4, 2, 1, 1, 1, 1, 2, 2, 1, 5, 3, 1, 1, 1, 1, 2, 2, 1, 3, 1, 1, 1, 1, 2, 1, 1, 1, 2, 2, 4, 1, 2, 2, 1, 2, 2, 4, 1, 1, 2, 1, 2, 1, 1, 2, 2, 2, 1, 1, 1, 1, 1, 2, 1, 1, 2, 2, 1, 1, 3, 1, 1, 1, 1, 1, 1, 1, 2, 2, 2, 2, 2, 2, 2, 2, 1, 1, 2, 1, 1, 3, 1, 2, 1, 1, 1, 1, 2, 1, 2, 1, 1, 2, 2, 1, 1, 1, 1, 2, 1, 1, 1, 2, 1, 2, 1, 4, 2, 2, 2, 1, 2, 1, 1, 1, 1, 2, 1, 1, 1, 1, 1, 1, 2, 1, 1, 2, 1, 1, 2, 1, 2, 1, 1, 1, 1, 3, 1, 1, 1, 1, 3, 1, 1, 2, 1, 1, 1, 1, 1, 1, 1, 1, 1, 1, 1, 1, 1, 1, 3, 2, 1, 1, 7, 2, 3, 1, 2, 3, 1, 1, 1, 1, 1, 1, 1, 1, 1, 1, 1, 1, 1, 3, 1, 2, 2, 2, 1, 1, 1, 1, 1, 2, 1, 1, 1, 1, 2, 1, 1, 1, 2, 1, 1, 2, 2, 2, 5, 2]
WordsXpar:	[1, 33, 18, 38, 9, 40, 33, 1, 10, 17, 19, 21, 14, 7, 23, 20, 60, 27, 33, 23, 16, 7, 1, 15, 9, 8, 13, 12, 50, 2, 10, 32, 13, 3, 31, 14, 11, 12, 17, 31, 3, 6, 8, 15, 22, 12, 17, 22, 28, 21, 10, 37, 21, 9, 33, 12, 28, 5, 2, 9, 1, 5, 6, 4, 24, 18, 3, 3, 12, 3, 4, 21, 4, 21, 17, 32, 13, 4, 1, 2, 3, 4, 1, 3, 2, 17, 3, 7, 1, 3, 5, 15, 27, 16, 10, 13, 5, 8, 19, 21, 7, 29, 12, 22, 12, 11, 5, 8, 4, 5, 24, 6, 17, 22, 18, 5, 8, 29, 14, 30, 36, 8, 6, 5, 4, 22, 13, 13, 7, 7, 9, 12, 28, 9, 16, 19, 7, 10, 18, 8, 18, 47, 9, 10, 11, 3, 6, 3, 54, 41, 11, 16, 11, 13, 8, 21, 21, 18, 22, 9, 15, 20, 28, 71, 24, 7, 10, 11, 30, 13, 12, 9, 4, 6, 7, 34, 17, 6, 27, 11, 7, 3, 13, 11, 11, 20, 13, 9, 2, 8, 6, 7, 17, 12, 8, 18, 18, 22, 10, 13, 7, 13, 7, 15, 42, 6, 24, 4, 4, 44, 24, 24, 34, 5, 5, 9, 26, 23, 12, 40, 53, 46, 34, 15, 28, 65, 25, 15, 8, 7, 46, 6, 20, 18, 41, 4, 75, 23, 8, 3, 8, 19, 9, 18, 22, 22, 6, 6, 21, 9, 49, 5, 17, 29, 2, 10, 21, 33, 6, 38, 13, 15, 23, 7, 15, 27, 23, 3, 61, 20, 7, 6, 7, 2, 23, 13, 2, 20, 7, 25, 11, 7, 10, 4, 3, 3, 10, 13, 20, 12, 51, 13, 7, 33, 13, 58, 1, 7, 14, 14, 20, 7, 11, 21, 37, 18, 14, 3, 22, 21, 20, 4, 6, 5, 37, 12, 18, 12, 28, 10, 21, 10, 7, 9, 6, 15, 13, 10, 13, 8, 6, 8, 25, 19, 13, 6, 21, 6, 5, 23, 8, 17, 6, 13, 11, 18, 19, 10, 15, 9, 6, 20, 22, 5, 1, 4, 7, 15, 4, 7, 11, 12, 6, 14, 10, 34, 25, 23, 13, 13, 26, 3, 6, 7, 8, 9, 3, 2, 7, 9, 10, 8, 14, 11, 16, 21, 16, 9, 24, 8, 13, 9, 8, 3, 16, 23, 5, 5, 4, 3, 23, 3, 1, 16, 8, 1, 11, 15, 8, 11, 2, 4, 3, 5, 4, 16, 4, 5, 17, 14, 7, 14, 42, 17, 34, 8, 28, 27, 15, 11, 12, 5, 6, 8, 10, 11, 10, 9, 8, 16, 12, 30, 7, 16, 25, 23, 3, 8, 4, 3, 14, 14, 6, 8, 8, 9, 18, 12, 9, 6, 12, 12, 15, 15, 10, 13, 19, 11]
Avg_WordsXpar:	14.7179487179
Median_WordsXpar:	12.0
Min_WordsXpar:	1
Max_WordsXpar:	75
Mode_WordsXpar:	7
Range_WordsXpar:	74
WordsXsentence:	[4, 3, 15, 11, 8, 5, 5, 13, 11, 14, 9, 12, 6, 7, 15, 1, 5, 6, 10, 1, 10, 1, 10, 17, 11, 8, 13, 7, 7, 7, 10, 13, 11, 4, 5, 10, 9, 14, 9, 13, 5, 6, 9, 7, 5, 9, 8, 16, 4, 10, 10, 6, 7, 1, 2, 13, 9, 8, 13, 12, 9, 4, 4, 11, 15, 7, 2, 29, 3, 9, 3, 12, 19, 5, 9, 11, 3, 9, 10, 7, 7, 13, 11, 3, 6, 8, 15, 10, 12, 12, 17, 6, 11, 5, 16, 12, 9, 12, 10, 20, 17, 8, 10, 3, 9, 4, 29, 12, 9, 19, 5, 2, 9, 1, 5, 6, 4, 12, 12, 13, 5, 3, 3, 6, 6, 3, 4, 10, 11, 4, 15, 6, 17, 17, 11, 4, 13, 4, 1, 2, 3, 4, 1, 3, 2, 17, 3, 7, 1, 3, 5, 10, 5, 6, 11, 10, 16, 6, 4, 6, 7, 5, 5, 3, 6, 4, 9, 0, 9, 12, 7, 7, 22, 12, 8, 3, 11, 12, 11, 5, 8, 4, 5, 7, 17, 6, 14, 3, 19, 3, 18, 5, 8, 16, 9, 4, 14, 4, 26, 17, 19, 8, 6, 5, 4, 12, 10, 13, 3, 10, 7, 7, 9, 12, 21, 7, 9, 10, 6, 10, 9, 3, 4, 6, 6, 7, 6, 5, 4, 4, 11, 17, 18, 12, 6, 3, 10, 11, 3, 6, 3, 5, 26, 3, 2, 6, 8, 4, 8, 9, 14, 10, 11, 7, 9, 11, 13, 8, 14, 7, 21, 8, 6, 4, 6, 16, 9, 15, 20, 8, 10, 10, 10, 15, 12, 12, 15, 7, 15, 9, 7, 10, 11, 7, 13, 10, 10, 3, 12, 9, 4, 6, 7, 4, 20, 10, 17, 6, 20, 7, 1, 10, 7, 3, 13, 11, 11, 20, 13, 9, 2, 8, 6, 7, 8, 9, 7, 5, 8, 8, 10, 0, 6, 12, 3, 19, 6, 4, 6, 7, 7, 5, 3, 5, 7, 12, 1, 3, 27, 15, 6, 9, 15, 4, 4, 13, 18, 13, 24, 15, 9, 17, 17, 5, 5, 9, 8, 18, 23, 12, 23, 17, 29, 24, 23, 23, 20, 14, 15, 12, 16, 14, 18, 16, 17, 25, 15, 8, 7, 10, 16, 20, 6, 10, 10, 18, 7, 13, 21, 4, 21, 7, 21, 12, 6, 8, 5, 12, 6, 8, 3, 8, 19, 4, 5, 5, 12, 6, 16, 13, 9, 6, 6, 5, 11, 5, 14, 14, 13, 8, 5, 3, 9, 5, 17, 12, 2, 10, 12, 9, 13, 4, 16, 6, 8, 12, 12, 6, 6, 7, 15, 23, 7, 15, 8, 19, 8, 15, 3, 3, 21, 10, 16, 11, 13, 5, 2, 7, 6, 7, 2, 10, 13, 5, 8, 2, 3, 10, 7, 7, 25, 11, 7, 2, 8, 4, 3, 3, 6, 4, 6, 7, 5, 3, 9, 3, 30, 21, 8, 5, 7, 9, 24, 2, 12, 12, 10, 15, 21, 1, 7, 8, 6, 14, 13, 7, 7, 11, 15, 6, 8, 29, 8, 10, 14, 3, 22, 21, 20, 2, 2, 6, 5, 13, 24, 10, 2, 18, 12, 1, 13, 14, 10, 21, 10, 7, 9, 6, 15, 3, 10, 6, 6, 5, 3, 3, 3, 6, 18, 7, 11, 8, 6, 9, 12, 5, 6, 8, 9, 8, 12, 5, 6, 13, 11, 18, 6, 13, 10, 11, 4, 9, 6, 15, 5, 13, 9, 5, 1, 4, 7, 6, 9, 4, 7, 11, 7, 5, 3, 11, 10, 8, 11, 10, 5, 8, 17, 7, 16, 5, 8, 13, 12, 14, 3, 6, 7, 8, 3, 6, 3, 2, 7, 9, 10, 8, 11, 3, 11, 16, 19, 2, 16, 9, 6, 18, 8, 10, 3, 9, 8, 3, 16, 5, 3, 15, 5, 5, 4, 3, 9, 10, 4, 3, 1, 4, 12, 8, 1, 11, 15, 8, 11, 2, 4, 3, 5, 4, 16, 4, 5, 8, 4, 5, 6, 8, 7, 14, 9, 4, 6, 7, 6, 8, 3, 6, 11, 16, 10, 8, 8, 20, 12, 9, 6, 15, 11, 12, 5, 6, 8, 10, 11, 10, 9, 8, 16, 12, 15, 9, 6, 7, 9, 7, 7, 18, 13, 10, 3, 8, 4, 3, 14, 4, 10, 6, 8, 8, 9, 9, 9, 12, 9, 6, 9, 3, 12, 15, 3, 12, 6, 6, 5, 3, 5, 4, 3, 8, 4]
Avg_WordsXsentence:	9.17050067659
Median_WordsXsentence:	8
Min_WordsXsentence:	0
Max_WordsXsentence:	30
Mode_WordsXsentence:	7
Range_WordsXsentence:	30
