Paragraphs:	478
Sentences:	735
Words:	6095
SentencesXpar:	[2, 3, 4, 3, 2, 3, 1, 1, 1, 1, 1, 1, 1, 2, 1, 1, 1, 2, 1, 4, 4, 1, 1, 1, 1, 1, 1, 1, 1, 1, 1, 1, 1, 1, 1, 1, 1, 1, 2, 1, 1, 2, 1, 1, 1, 1, 1, 1, 1, 1, 1, 1, 1, 1, 1, 2, 1, 1, 1, 1, 3, 4, 1, 2, 1, 1, 1, 1, 2, 3, 3, 2, 1, 1, 1, 3, 6, 2, 1, 1, 1, 1, 1, 2, 1, 1, 2, 1, 1, 1, 1, 1, 1, 1, 1, 2, 1, 1, 1, 1, 1, 1, 1, 1, 1, 2, 1, 1, 4, 1, 1, 1, 1, 1, 1, 1, 1, 4, 1, 3, 2, 1, 2, 3, 2, 1, 1, 2, 1, 2, 5, 2, 1, 1, 1, 3, 3, 1, 1, 1, 1, 1, 1, 1, 1, 1, 1, 2, 1, 2, 2, 1, 1, 1, 1, 1, 1, 1, 2, 2, 1, 1, 3, 1, 1, 2, 2, 1, 2, 2, 1, 1, 3, 1, 1, 1, 1, 1, 2, 2, 2, 2, 1, 1, 1, 1, 2, 1, 3, 4, 1, 1, 3, 2, 2, 2, 5, 1, 1, 1, 1, 2, 2, 1, 1, 1, 3, 2, 4, 2, 1, 1, 2, 2, 1, 1, 3, 3, 2, 1, 2, 2, 1, 2, 1, 1, 2, 1, 2, 1, 1, 1, 1, 2, 1, 1, 1, 1, 1, 1, 1, 1, 1, 1, 1, 1, 1, 1, 2, 1, 1, 1, 1, 1, 1, 2, 1, 1, 1, 1, 1, 1, 1, 1, 1, 1, 2, 1, 3, 1, 1, 4, 2, 2, 2, 2, 9, 2, 2, 2, 2, 3, 1, 1, 3, 1, 1, 3, 4, 1, 1, 1, 1, 1, 1, 1, 1, 1, 2, 1, 1, 1, 1, 1, 2, 1, 1, 1, 1, 3, 3, 2, 1, 1, 1, 1, 5, 1, 1, 1, 3, 2, 1, 2, 1, 2, 1, 2, 1, 1, 2, 1, 3, 1, 2, 1, 1, 1, 4, 1, 1, 1, 2, 1, 1, 1, 2, 1, 1, 1, 1, 2, 2, 1, 1, 1, 1, 1, 1, 1, 1, 1, 3, 1, 2, 1, 4, 2, 1, 1, 2, 2, 1, 1, 2, 2, 1, 1, 1, 1, 1, 2, 1, 1, 1, 1, 1, 2, 4, 2, 3, 2, 2, 1, 1, 1, 1, 1, 1, 3, 3, 3, 2, 2, 1, 8, 1, 1, 2, 1, 2, 1, 3, 3, 1, 1, 3, 1, 1, 1, 3, 1, 1, 1, 1, 1, 1, 1, 1, 1, 1, 1, 1, 5, 1, 3, 1, 3, 2, 1, 1, 1, 3, 1, 2, 2, 2, 1, 1, 4, 1, 1, 1, 1, 1, 4, 3, 1, 1, 1, 1, 1, 1, 1, 1, 1, 1, 2, 1, 2, 1, 1, 1, 1, 2, 2, 1, 1]
WordsXpar:	[15, 10, 12, 8, 8, 15, 3, 16, 15, 3, 7, 11, 6, 12, 14, 4, 3, 20, 3, 19, 23, 1, 4, 6, 6, 3, 14, 4, 1, 9, 8, 4, 9, 12, 7, 6, 16, 8, 13, 13, 15, 23, 5, 11, 3, 11, 7, 3, 12, 10, 6, 4, 11, 10, 7, 24, 17, 3, 6, 7, 32, 23, 5, 14, 10, 7, 7, 11, 20, 23, 18, 13, 14, 16, 9, 23, 29, 28, 6, 9, 17, 4, 9, 17, 11, 17, 15, 11, 12, 1, 9, 11, 13, 13, 13, 27, 8, 12, 15, 8, 7, 23, 18, 3, 7, 22, 6, 13, 46, 20, 24, 11, 3, 10, 21, 17, 18, 35, 17, 12, 27, 34, 29, 20, 21, 13, 20, 26, 29, 19, 60, 18, 4, 4, 4, 23, 24, 12, 4, 2, 4, 8, 11, 5, 12, 1, 9, 14, 8, 13, 12, 2, 3, 3, 4, 8, 7, 13, 15, 22, 19, 14, 38, 5, 8, 3, 3, 11, 13, 11, 5, 18, 21, 13, 15, 6, 2, 4, 33, 14, 25, 9, 13, 11, 14, 3, 29, 7, 28, 56, 15, 3, 16, 24, 18, 14, 55, 12, 3, 5, 6, 34, 14, 6, 6, 19, 19, 18, 26, 7, 17, 5, 6, 18, 4, 4, 24, 30, 17, 5, 20, 16, 13, 11, 10, 3, 13, 15, 14, 16, 8, 11, 5, 16, 7, 10, 5, 8, 9, 3, 23, 24, 7, 18, 16, 4, 5, 4, 7, 3, 5, 11, 5, 5, 5, 23, 3, 9, 5, 4, 10, 6, 10, 3, 4, 5, 25, 13, 22, 13, 11, 27, 10, 11, 12, 12, 41, 12, 12, 7, 8, 11, 8, 4, 33, 17, 10, 41, 55, 11, 11, 5, 6, 3, 6, 9, 11, 3, 3, 6, 7, 9, 4, 15, 15, 6, 8, 4, 4, 29, 22, 21, 3, 8, 7, 3, 47, 13, 4, 12, 11, 19, 3, 25, 5, 20, 14, 25, 16, 18, 13, 8, 37, 11, 20, 16, 2, 8, 24, 10, 18, 8, 23, 8, 6, 10, 22, 4, 8, 5, 7, 18, 30, 5, 6, 5, 10, 9, 2, 12, 5, 19, 28, 2, 8, 2, 27, 10, 6, 3, 6, 8, 4, 7, 6, 16, 8, 8, 10, 15, 15, 11, 10, 13, 4, 7, 7, 17, 39, 29, 20, 20, 5, 4, 5, 1, 3, 12, 3, 6, 6, 6, 6, 6, 6, 106, 4, 4, 11, 4, 15, 4, 33, 33, 4, 4, 22, 1, 5, 9, 22, 5, 13, 9, 5, 11, 7, 7, 6, 10, 8, 14, 2, 35, 6, 30, 6, 37, 15, 11, 10, 6, 22, 12, 27, 32, 39, 27, 22, 29, 16, 5, 6, 17, 10, 35, 27, 8, 12, 10, 15, 3, 6, 3, 26, 21, 7, 3, 3, 9, 4, 8, 5, 4, 3, 3, 3, 5]
Avg_WordsXpar:	12.7510460251
Median_WordsXpar:	10.0
Min_WordsXpar:	1
Max_WordsXpar:	106
Mode_WordsXpar:	3
Range_WordsXpar:	105
WordsXsentence:	[10, 5, 6, 4, 5, 2, 5, 5, 3, 0, 7, 0, 5, 10, 16, 15, 3, 7, 11, 6, 8, 14, 4, 3, 9, 11, 3, 6, 4, 9, 0, 3, 10, 6, 4, 1, 4, 6, 6, 3, 14, 4, 1, 9, 8, 4, 9, 12, 7, 6, 16, 8, 8, 13, 15, 11, 12, 5, 3, 11, 7, 3, 12, 10, 4, 11, 10, 7, 12, 12, 17, 3, 6, 7, 9, 16, 7, 4, 6, 3, 5, 5, 9, 10, 7, 7, 11, 8, 12, 1, 11, 11, 1, 11, 6, 1, 12, 14, 16, 10, 10, 3, 2, 5, 8, 4, 7, 3, 15, 13, 6, 9, 17, 4, 9, 13, 4, 11, 17, 7, 8, 11, 12, 1, 9, 11, 13, 13, 13, 12, 15, 8, 12, 15, 8, 7, 23, 18, 3, 7, 12, 10, 6, 13, 12, 14, 15, 5, 20, 24, 11, 3, 10, 21, 17, 18, 18, 6, 4, 7, 17, 2, 6, 4, 22, 5, 34, 16, 13, 3, 12, 5, 9, 12, 13, 20, 15, 11, 29, 3, 16, 4, 11, 22, 6, 17, 4, 14, 4, 4, 4, 3, 12, 8, 7, 9, 12, 4, 2, 4, 8, 11, 5, 12, 1, 9, 6, 8, 8, 3, 10, 3, 9, 2, 3, 3, 4, 8, 7, 13, 11, 4, 16, 6, 19, 14, 15, 14, 9, 5, 8, 1, 2, 1, 2, 11, 9, 4, 8, 3, 5, 18, 12, 3, 13, 15, 6, 2, 4, 15, 18, 9, 5, 12, 13, 6, 3, 13, 14, 3, 16, 13, 4, 11, 13, 9, 17, 18, 12, 15, 3, 5, 5, 6, 13, 11, 11, 7, 8, 6, 13, 9, 8, 19, 6, 12, 3, 5, 6, 12, 22, 7, 7, 6, 6, 19, 7, 6, 6, 5, 13, 5, 11, 6, 4, 4, 17, 2, 4, 12, 6, 4, 4, 12, 7, 5, 15, 11, 4, 9, 8, 5, 9, 11, 4, 12, 13, 6, 5, 10, 3, 7, 6, 15, 9, 5, 16, 8, 11, 5, 6, 10, 7, 10, 5, 8, 9, 3, 23, 24, 7, 18, 16, 5, 4, 3, 4, 5, 11, 5, 5, 10, 13, 9, 5, 4, 10, 6, 10, 3, 4, 5, 18, 13, 7, 11, 4, 13, 11, 5, 7, 12, 3, 6, 4, 4, 7, 5, 7, 5, 7, 5, 7, 5, 5, 3, 1, 3, 5, 8, 5, 7, 5, 4, 3, 5, 3, 5, 3, 3, 8, 4, 7, 15, 11, 17, 10, 17, 15, 9, 21, 14, 12, 8, 11, 5, 6, 3, 6, 9, 11, 1, 2, 7, 9, 4, 15, 5, 10, 6, 8, 4, 4, 10, 2, 17, 10, 7, 10, 11, 3, 8, 7, 3, 15, 13, 4, 13, 2, 13, 4, 4, 3, 4, 4, 15, 3, 11, 14, 5, 9, 11, 14, 8, 17, 16, 18, 4, 9, 8, 14, 11, 12, 11, 13, 7, 16, 2, 8, 5, 1, 5, 13, 10, 18, 8, 10, 13, 8, 6, 10, 12, 10, 4, 8, 5, 7, 10, 8, 17, 13, 5, 6, 10, 9, 2, 12, 5, 19, 5, 14, 9, 2, 2, 6, 2, 2, 5, 5, 15, 7, 3, 6, 3, 4, 2, 4, 4, 4, 7, 2, 4, 7, 9, 8, 8, 10, 15, 15, 5, 6, 10, 13, 4, 7, 7, 10, 7, 14, 6, 8, 11, 17, 12, 14, 3, 3, 2, 18, 4, 1, 4, 5, 1, 3, 12, 3, 3, 1, 2, 3, 3, 0, 3, 1, 2, 4, 2, 4, 2, 6, 6, 14, 18, 11, 20, 12, 20, 5, 4, 4, 4, 7, 4, 11, 4, 4, 11, 18, 4, 15, 14, 4, 4, 8, 11, 3, 1, 5, 9, 5, 12, 5, 13, 9, 5, 11, 7, 7, 6, 8, 14, 2, 7, 8, 6, 8, 6, 6, 8, 16, 6, 19, 6, 12, 9, 6, 10, 6, 8, 8, 6, 12, 10, 17, 15, 17, 20, 19, 27, 22, 8, 6, 4, 11, 16, 5, 6, 17, 10, 11, 8, 5, 11, 10, 10, 7, 12, 10, 15, 3, 6, 26, 21, 7, 1, 2, 3, 6, 8, 4, 3, 0, 3, 0, 3, 5]
Avg_WordsXsentence:	8.4318507891
Median_WordsXsentence:	7
Min_WordsXsentence:	0
Max_WordsXsentence:	34
Mode_WordsXsentence:	3
Range_WordsXsentence:	34
